5389027601
5389027309
5389027214
5389026713
5389026118
5389026019
5389025810
5389025500
5389025318
5389025315
5389024503
5389024209
5389024114
5389024010
5389023913
5389023811
5389023603
5389023101
5389022906
5389022815
5389022813
5389022811
5389022203
5389022113
5389021413
5389021106
5389021003
5389020915
5389020912
5389020906
5389020811
5389020109
5389020108
5389020106
5389018909
5389018801
5389018501
5389018409
5389018408
5389018309
5389018007
5389017705
5389017516
5389017010
5389016807
5389016802
5389016408
5389016208
5389015915
5389015418
5389015206
5389014505
5389014319
5389014316
5389014118
5389014004
5389013917
5389013908
5389013512
5389013511
5389013401
5389013315
5389013302
5389013115
5389012903
5389012819
5389012813
5389012804
5389012605
5389012210
5389012203
5389012201
5389012111
5389011807
5389011608
5389011519
5389011312
5389011200
5389010518
5389010517
5389010015
5389009815
5389008503
5389008317
5389008306
5389008301
5389008009
5389007700
5389007419
5389007213
5389007118
5389007116
5389006612
5389005919
5389005906
5389005503
5389005219
5389005004
5389004612
5389004516
5389004212
5389004208
5389004109
5389003917
5389003908
5389003903
5389003408
5389003004
5389002709
5389002702
5389002605
5389002511
5389002417
5389002300
5389002010
5389002007
5389001807
5389001016
5389000714
5389000514
5388999312
5388999214
5388998713
5388998616
5388998409
5388998400
5388998206
5388998004
5388997706
5388997518
5388997401
5388997011
5388997007
5388996602
5388996114
5388996003
5388995912
5388995819
5388995308
5388995305
5388994611
5388994008
5388993901
5388993203
5388993117
5388992814
5388992702
5388992114
5388991703
5388991210
5388991004
5388991003
5388990301
5388989713
5388989710
5388989403
5388989313
5388989310
5388989306
5388989115
5388988704
5388988619
5388988217
5388988216
5388988119
5388987912
5388987705
5388987703
5388987412
5388987402
5388987106
5388986610
5388986507
5388986405
5388986315
5388986202
5388986112
5388986109
5388985813
5388985614
5388985506
5388985101
5388984700
5388984215
5388984006
5388983802
5388983708
5388983707
5388983419
5388983300
5388983203
5388982904
5388982903
5388982816
5388982809
5388982716
5388982616
5388982517
5388982513
5388982103
